48,11,1,5,61,514,111247,51127827,1
48,11,1,5,61,707,111247,51127827,4
48,11,1,5,61,858,111247,51127827,2
48,11,1,5,61,859,111247,51127827,2
48,11,1,5,61,860,111247,51127827,2
48,11,1,5,61,1594,111247,51127827,15
48,11,1,5,61,1611,111247,51127827,20
48,11,1,5,61,1612,111247,51127827,20
48,11,1,5,61,2422,111247,51127827,21
48,11,1,5,61,2721,111247,51127827,18
48,11,1,5,61,2928,111247,51127827,5
100,11,1,5,61,3797,111247,51127827,5
48,11,1,5,61,3998,111247,51127827,3
48,11,1,5,61,3998,111247,51127827,1
48,11,1,5,61,3999,111247,51127827,3
48,11,1,5,61,3999,111247,51127827,1
48,11,1,5,61,4132,111247,51127827,1
100,11,1,5,61,4548,111247,51127827,1
48,11,1,5,61,4565,111247,51127827,3
48,11,1,5,61,4565,111247,51127827,29
48,11,1,5,61,5629,111247,51127827,12
48,11,1,5,61,5630,111247,51127827,12
100,11,1,5,61,5943,111247,51127827,3
48,11,1,5,61,5943,111247,51127827,30
100,11,1,5,61,5946,111247,51127827,3
48,11,1,5,61,5946,111247,51127827,30
48,11,1,5,61,6388,111247,51127827,34
48,11,1,5,61,6389,111247,51127827,34
100,11,1,5,61,7167,111247,51127827,4
48,11,1,5,61,8865,111247,51127827,2
48,47,1,5,61,893,111247,50433646,1
48,47,1,5,61,2016,111247,50433646,1
48,47,1,5,61,2017,111247,50433646,1
48,47,1,5,61,10370,111247,50433646,7
48,47,1,5,61,4935,111247,50433646,19
48,47,1,5,61,5996,111247,50433646,35
48,26,1,5,61,8123,111247,51127829,1
48,47,1,5,61,8563,111247,50433646,1
48,47,1,5,61,8603,111247,50433646,4
48,47,1,5,61,8604,111247,50433646,4
48,52,1,5,61,160,111247,51127849,2
100,61,1,5,61,430,111247,50433706,1
48,59,1,5,61,553,111247,50433694,5
48,54,1,5,61,555,111247,50433678,3
48,58,1,5,61,555,111247,50433694,1
100,71,1,5,61,687,111247,50433740,9
48,61,1,5,61,707,111247,50433706,25
48,62,1,5,61,707,111247,50433706,6
100,61,1,5,61,809,111247,50433706,1
48,61,1,5,61,809,111247,50433706,12
48,54,1,5,61,1496,111247,50433678,5
48,61,1,5,61,1729,111247,50433706,5
48,62,1,5,61,1729,111247,50433706,6
48,61,1,5,61,2017,111247,50433706,7
48,71,1,5,61,10370,111247,50433740,12
48,72,1,5,61,10370,111247,50433740,11
48,54,1,5,61,10420,111247,50433678,24
48,58,1,5,61,3681,111247,50433694,7
48,59,1,5,61,3681,111247,50433694,25
48,71,1,5,61,3906,111247,50433740,20
48,72,1,5,61,3906,111247,50433740,13
48,71,1,5,61,3951,111247,50433740,2
48,54,1,5,61,3983,111247,50433678,10
48,71,1,5,61,3983,111247,50433740,5
48,72,1,5,61,3983,111247,50433740,11
48,61,1,5,61,3985,111247,50433706,20
100,71,1,5,61,3998,111247,50433740,1
48,71,1,5,61,3998,111247,50433740,5
48,72,1,5,61,3998,111247,50433740,12
100,71,1,5,61,3999,111247,50433740,1
48,71,1,5,61,3999,111247,50433740,5
48,72,1,5,61,3999,111247,50433740,12
100,71,1,5,61,4000,111247,50433740,1
48,71,1,5,61,4000,111247,50433740,5
48,72,1,5,61,4000,111247,50433740,12
100,71,1,5,61,4001,111247,50433740,1
48,71,1,5,61,4001,111247,50433740,5
48,72,1,5,61,4001,111247,50433740,12
48,54,1,5,61,11346,111247,50433678,1
48,54,1,5,61,11347,111247,50433678,1
100,61,1,5,61,4935,111247,50433706,25
100,61,1,5,61,5132,111247,50433706,13
100,71,1,5,61,5136,111247,50433740,2
100,71,1,5,61,5137,111247,50433740,2
100,71,1,5,61,5304,111247,50433740,1
100,61,1,5,61,10622,111247,50433706,14
48,61,1,5,61,5716,111247,50433706,9
48,62,1,5,61,5716,111247,50433706,5
48,54,1,5,61,5717,111247,50433678,9
48,61,1,5,61,5718,111247,50433706,9
48,62,1,5,61,5718,111247,50433706,5
100,61,1,5,61,6303,111247,50433706,4
100,61,1,5,61,6304,111247,50433706,4
100,61,1,5,61,7251,111247,50433706,14
48,61,1,5,61,7251,111247,50433706,11
48,62,1,5,61,7251,111247,50433706,6
100,61,1,5,61,7253,111247,50433706,14
48,61,1,5,61,7253,111247,50433706,11
48,62,1,5,61,7253,111247,50433706,6
48,59,1,5,61,7465,111247,50433694,2
48,72,1,5,61,7476,111247,50433740,8
48,72,1,5,61,7477,111247,50433740,8
100,61,1,5,61,7914,111247,50433706,13
100,61,1,5,61,7916,111247,50433706,13
48,71,1,5,61,8152,111247,50433740,2
48,72,1,5,61,8152,111247,50433740,3
100,61,1,5,61,8870,111247,50433706,8
48,71,1,5,61,9477,111247,50433740,3
100,85,1,5,61,113,111247,50433798,5
48,95,1,5,61,281,111247,50433836,1
48,96,1,5,61,281,111247,50433836,21
48,85,1,5,61,10085,111247,50433798,24
48,86,1,5,61,10085,111247,50433798,5
48,85,1,5,61,707,111247,50433798,24
48,86,1,5,61,707,111247,50433798,5
48,75,1,5,61,886,111247,50433756,11
48,86,1,5,61,1518,111247,50433798,4
48,85,1,5,61,1633,111247,50433798,25
48,86,1,5,61,1633,111247,50433798,5
48,83,1,5,61,1728,111247,50433786,18
48,86,1,5,61,2766,111247,50433798,2
48,86,1,5,61,2767,111247,50433798,2
100,82,1,5,61,3681,111247,50433786,3
48,82,1,5,61,3681,111247,50433786,7
48,82,1,5,61,3681,111247,50433786,4
48,83,1,5,61,3681,111247,50433786,15
48,78,1,5,61,3983,111247,50433770,28
48,78,1,5,61,3984,111247,50433770,6
48,85,1,5,61,4132,111247,50433798,1
48,86,1,5,61,4132,111247,50433798,5
48,85,1,5,61,4161,111247,50433798,12
48,85,1,5,61,4162,111247,50433798,12
48,96,1,5,61,4162,111247,50433836,1
48,85,1,5,61,4266,111247,50433798,22
100,85,1,5,61,4389,111247,50433798,21
100,82,1,5,61,4452,111247,50433786,7
100,95,1,5,61,4823,111247,50433836,10
100,75,1,5,61,10565,111247,50433756,1
100,85,1,5,61,5132,111247,50433798,25
48,85,1,5,61,5214,111247,50433798,10
100,85,1,5,61,5214,111247,50433798,15
48,85,1,5,61,5516,111247,50433798,25
48,86,1,5,61,5516,111247,50433798,5
100,85,1,5,61,5716,111247,50433798,2
48,78,1,5,61,5717,111247,50433770,3
48,85,1,5,61,5920,111247,50433798,6
48,86,1,5,61,5920,111247,50433798,5
48,85,1,5,61,6113,111247,50433798,1
48,85,1,5,61,6163,111247,50433798,22
48,75,1,5,61,6847,111247,50433756,1
48,78,1,5,61,8743,111247,50433770,30
48,83,1,5,61,9133,111247,50433786,1
48,83,1,5,61,9133,111247,50433786,2
48,83,1,5,61,11135,111247,50433786,5
48,83,1,5,61,11135,111247,50433786,1
134,12,1,5,13,12,364069,50651193,21
134,12,1,5,13,14,364069,50651193,16
134,12,1,5,13,20,364069,50651193,12
134,12,1,5,13,149,364069,50651193,1
134,12,1,5,13,150,364069,50651193,1
134,12,1,5,13,188,364069,50651193,3
134,12,1,5,13,188,364069,50651193,3
134,12,1,5,13,188,364069,50651193,1
134,12,1,5,13,188,364069,50651193,1
134,12,1,5,13,188,364069,50651193,7
134,12,1,5,13,188,364069,50651193,2
48,20,1,5,13,278,364069,50433556,4
48,20,1,5,13,279,364069,50433556,4
48,20,1,5,13,280,364069,50433556,4
134,12,1,5,13,372,364069,50651193,15
134,12,1,5,13,1032,364069,50651193,1
134,12,1,5,13,1033,364069,50651193,1
134,12,1,5,13,1034,364069,50651193,1
134,12,1,5,13,1035,364069,50651193,1
134,12,1,5,13,1114,364069,50651193,1
134,12,1,5,13,1144,364069,50651193,2
134,12,1,5,13,1449,364069,50651193,20
134,12,1,5,13,1473,364069,50651193,1
134,12,1,5,13,1474,364069,50651193,1
134,12,1,5,13,1475,364069,50651193,1
134,12,1,5,13,1532,364069,50651193,1
134,12,1,5,13,1723,364069,50651193,1
134,12,1,5,13,1723,364069,50651193,1
134,12,1,5,13,1805,364069,50651193,1
134,12,1,5,13,1822,364069,50651193,4
48,13,1,5,13,1852,364069,51031202,3
134,12,1,5,13,2075,364069,50651193,1
48,1,1,5,13,2203,364069,51031190,20
134,12,1,5,13,2226,364069,50651193,7
134,12,1,5,13,2227,364069,50651193,7
134,12,1,5,13,2228,364069,50651193,7
134,12,1,5,13,2242,364069,50651193,17
134,12,1,5,13,2335,364069,50651193,2
134,12,1,5,13,2336,364069,50651193,2
134,12,1,5,13,2410,364069,50651193,2
100,13,1,5,13,2422,364069,51031202,3
48,14,1,5,13,2422,364069,51031202,6
134,12,1,5,13,2423,364069,50651193,7
48,14,1,5,13,2516,364069,51031202,15
100,19,1,5,13,2516,364069,50433556,1
48,19,1,5,13,2516,364069,50433556,1
134,12,1,5,13,2665,364069,50651193,17
134,12,1,5,13,2665,364069,50651193,3
134,12,1,5,13,2746,364069,50651193,2
134,12,1,5,13,2902,364069,50651193,5
134,12,1,5,13,3047,364069,50651193,3
134,12,1,5,13,3048,364069,50651193,3
134,12,1,5,13,3085,364069,50651193,14
134,12,1,5,13,3086,364069,50651193,14
134,12,1,5,13,3087,364069,50651193,14
48,1,1,5,13,3102,364069,51031190,3
134,12,1,5,13,3431,364069,50651193,15
134,12,1,5,13,3473,364069,50651193,12
134,12,1,5,13,3555,364069,50651193,1
134,12,1,5,13,3555,364069,50651193,1
134,12,1,5,13,3556,364069,50651193,1
134,12,1,5,13,3556,364069,50651193,1
48,14,1,5,13,3681,364069,51031202,11
48,14,1,5,13,3682,364069,51031202,11
48,14,1,5,13,3683,364069,51031202,11
48,1,1,5,13,3740,364069,51031190,3
48,14,1,5,13,3746,364069,51031202,8
48,13,1,5,13,3797,364069,51031202,1
48,14,1,5,13,3797,364069,51031202,2
134,12,1,5,13,3912,364069,50651193,3
134,12,1,5,13,3929,364069,50651193,1
48,20,1,5,13,3983,364069,50433556,10
134,12,1,5,13,3998,364069,50651193,2
134,12,1,5,13,3999,364069,50651193,2
134,12,1,5,13,4034,364069,50651193,1
134,12,1,5,13,4034,364069,50651193,8
134,12,1,5,13,4035,364069,50651193,8
134,12,1,5,13,4036,364069,50651193,8
134,12,1,5,13,4168,364069,50651193,10
134,12,1,5,13,4169,364069,50651193,10
134,12,1,5,13,4277,364069,50651193,1
134,12,1,5,13,4339,364069,50651193,10
134,12,1,5,13,4384,364069,50651193,30
134,12,1,5,13,4385,364069,50651193,30
134,12,1,5,13,4461,364069,50651193,1
134,12,1,5,13,4462,364069,50651193,1
134,12,1,5,13,4488,364069,50651193,1
134,12,1,5,13,4489,364069,50651193,1
48,19,1,5,13,4811,364069,50433556,2
100,19,1,5,13,4826,364069,50433556,1
100,19,1,5,13,4827,364069,50433556,1
134,12,1,5,13,4898,364069,50651193,1
134,12,1,5,13,5053,364069,50651193,2
134,12,1,5,13,5054,364069,50651193,2
100,19,1,5,13,5207,364069,50433556,15
100,19,1,5,13,5208,364069,50433556,15
100,19,1,5,13,5209,364069,50433556,15
134,12,1,5,13,5294,364069,50651193,1
134,12,1,5,13,5301,364069,50651193,6
134,12,1,5,13,5307,364069,50651193,30
134,12,1,5,13,5421,364069,50651193,2
134,12,1,5,13,5422,364069,50651193,2
134,12,1,5,13,5423,364069,50651193,2
48,14,1,5,13,5442,364069,51031202,17
48,20,1,5,13,5714,364069,50433556,1
134,12,1,5,13,5749,364069,50651193,2
134,12,1,5,13,6495,364069,50651193,11
134,12,1,5,13,6699,364069,50651193,3
48,20,1,5,13,6824,364069,50433556,5
48,20,1,5,13,6825,364069,50433556,5
134,12,1,5,13,6906,364069,50651193,1
134,12,1,5,13,6907,364069,50651193,1
134,12,1,5,13,6908,364069,50651193,1
134,12,1,5,13,6909,364069,50651193,1
134,12,1,5,13,7162,364069,50651193,2
48,13,1,5,13,7465,364069,51031202,5
48,14,1,5,13,7465,364069,51031202,20
48,19,1,5,13,7472,364069,50433556,4
48,19,1,5,13,7473,364069,50433556,4
48,19,1,5,13,7474,364069,50433556,4
134,12,1,5,13,7738,364069,50651193,5
134,12,1,5,13,7739,364069,50651193,5
134,12,1,5,13,7922,364069,50651193,1
134,12,1,5,13,7923,364069,50651193,1
134,12,1,5,13,8004,364069,50651193,1
100,13,1,5,13,8130,364069,51031202,5
134,12,1,5,13,8378,364069,50651193,1
134,12,1,5,13,8491,364069,50651193,1
134,12,1,5,13,8493,364069,50651193,1
100,13,1,5,13,8603,364069,51031202,1
100,13,1,5,13,8604,364069,51031202,1
48,14,1,5,13,8752,364069,51031202,7
48,14,1,5,13,8814,364069,51031202,1
100,19,1,5,13,8870,364069,50433556,13
100,13,1,5,13,9270,364069,51031202,5
134,12,1,5,13,9278,364069,50651193,1
134,12,1,5,13,9279,364069,50651193,1
134,12,1,5,13,9558,364069,50651193,24
48,1,1,5,13,9824,364069,51031190,13
48,1,1,5,13,9825,364069,51031190,13
134,36,1,5,13,81,364069,50651220,1
134,36,1,5,13,266,364069,50651220,3
134,36,1,5,13,480,364069,50651220,25
134,37,1,5,13,480,364069,50651220,5
48,46,1,5,13,552,364069,50433642,1
134,37,1,5,13,562,364069,50651220,2
134,36,1,5,13,565,364069,50651220,1
48,27,1,5,13,886,364069,51031218,2
134,36,1,5,13,1007,364069,50651220,6
134,37,1,5,13,1007,364069,50651220,5
134,36,1,5,13,1008,364069,50651220,6
134,37,1,5,13,1008,364069,50651220,5
48,46,1,5,13,10174,364069,50433642,2
134,36,1,5,13,1481,364069,50651220,18
134,37,1,5,13,1481,364069,50651220,5
134,36,1,5,13,1482,364069,50651220,18
134,37,1,5,13,1482,364069,50651220,5
48,46,1,5,13,1540,364069,50433642,1
134,37,1,5,13,1676,364069,50651220,2
134,36,1,5,13,1725,364069,50651220,1
134,36,1,5,13,1725,364069,50651220,1
48,46,1,5,13,2168,364069,50433642,8
48,46,1,5,13,2169,364069,50433642,8
134,37,1,5,13,2196,364069,50651220,2
134,37,1,5,13,2208,364069,50651220,1
134,36,1,5,13,2238,364069,50651220,16
134,37,1,5,13,2238,364069,50651220,2
134,36,1,5,13,2239,364069,50651220,16
134,37,1,5,13,2239,364069,50651220,2
134,36,1,5,13,2335,364069,50651220,2
134,36,1,5,13,2335,364069,50651220,5
134,36,1,5,13,2336,364069,50651220,2
134,36,1,5,13,2336,364069,50651220,5
134,36,1,5,13,2405,364069,50651220,3
134,37,1,5,13,2405,364069,50651220,2
134,36,1,5,13,2406,364069,50651220,3
134,37,1,5,13,2406,364069,50651220,2
134,36,1,5,13,2415,364069,50651220,1
134,36,1,5,13,2478,364069,50651220,1
134,36,1,5,13,2630,364069,50651220,1
134,36,1,5,13,2847,364069,50651220,9
48,46,1,5,13,2954,364069,50433642,2
134,36,1,5,13,3418,364069,50651220,2
134,36,1,5,13,3420,364069,50651220,2
134,36,1,5,13,3478,364069,50651220,6
134,36,1,5,13,3490,364069,50651220,5
134,36,1,5,13,3498,364069,50651220,3
134,36,1,5,13,3498,364069,50651220,1
134,37,1,5,13,3498,364069,50651220,2
134,36,1,5,13,3988,364069,50651220,1
134,36,1,5,13,4057,364069,50651220,9
134,36,1,5,13,4058,364069,50651220,9
134,36,1,5,13,4277,364069,50651220,2
134,37,1,5,13,4277,364069,50651220,2
134,36,1,5,13,4568,364069,50651220,24
134,37,1,5,13,4568,364069,50651220,5
134,36,1,5,13,4569,364069,50651220,24
134,37,1,5,13,4569,364069,50651220,5
100,45,1,5,13,4835,364069,50433642,5
134,36,1,5,13,5274,364069,50651220,2
134,37,1,5,13,5274,364069,50651220,2
134,36,1,5,13,5282,364069,50651220,25
134,37,1,5,13,5282,364069,50651220,2
134,36,1,5,13,10606,364069,50651220,3
134,36,1,5,13,5302,364069,50651220,3
134,36,1,5,13,5307,364069,50651220,25
134,37,1,5,13,5307,364069,50651220,5
48,45,1,5,13,5996,364069,50433642,1
48,46,1,5,13,10718,364069,50433642,1
134,37,1,5,13,6578,364069,50651220,5
134,36,1,5,13,6585,364069,50651220,18
134,36,1,5,13,6750,364069,50651220,20
134,37,1,5,13,6750,364069,50651220,5
134,36,1,5,13,7330,364069,50651220,6
134,37,1,5,13,7330,364069,50651220,5
134,36,1,5,13,7382,364069,50651220,8
134,36,1,5,13,7690,364069,50651220,25
134,37,1,5,13,7690,364069,50651220,5
48,46,1,5,13,8123,364069,50433642,4
48,46,1,5,13,8124,364069,50433642,4
48,46,1,5,13,8924,364069,50433642,1
134,36,1,5,13,8967,364069,50651220,8
134,36,1,5,13,9062,364069,50651220,4
134,36,1,5,13,9270,364069,50651220,21
134,37,1,5,13,9270,364069,50651220,5
134,36,1,5,13,9558,364069,50651220,11
48,46,1,5,13,9704,364069,50433642,1
48,46,1,5,13,9705,364069,50433642,1
48,45,1,5,13,9840,364069,50433642,2
48,46,1,5,13,9840,364069,50433642,2
48,46,1,5,13,9984,364069,50433642,7
48,46,1,5,13,9985,364069,50433642,7
48,46,1,5,13,9986,364069,50433642,7
48,1,1,5,8,2203,368056,51121917,1
134,12,1,5,13,224,346352,50651192,17
134,12,1,5,13,225,346352,50651192,17
134,12,1,5,13,226,346352,50651192,17
134,12,1,5,13,329,346352,50651192,4
134,12,1,5,13,330,346352,50651192,4
100,1,1,5,13,552,346352,50433506,1
48,6,1,5,13,886,346352,50433528,1
134,12,1,5,13,1007,346352,50651192,10
134,12,1,5,13,1008,346352,50651192,10
134,12,1,5,13,1314,346352,50651192,1
134,12,1,5,13,1532,346352,50651192,3
134,12,1,5,13,1646,346352,50651192,1
134,12,1,5,13,2012,346352,50651192,7
134,12,1,5,13,2242,346352,50651192,30
134,12,1,5,13,2589,346352,50651192,1
134,12,1,5,13,2589,346352,50651192,5
134,12,1,5,13,2787,346352,50651192,4
134,12,1,5,13,2788,346352,50651192,4
134,12,1,5,13,2789,346352,50651192,4
134,12,1,5,13,2790,346352,50651192,4
134,12,1,5,13,3047,346352,50651192,9
134,12,1,5,13,3048,346352,50651192,9
134,12,1,5,13,3085,346352,50651192,14
134,12,1,5,13,3086,346352,50651192,14
134,12,1,5,13,3087,346352,50651192,14
134,12,1,5,13,3135,346352,50651192,1
134,12,1,5,13,3473,346352,50651192,12
134,12,1,5,13,4016,346352,50651192,1
134,12,1,5,13,4312,346352,50651192,3
134,12,1,5,13,4314,346352,50651192,3
134,12,1,5,13,4384,346352,50651192,5
134,12,1,5,13,4385,346352,50651192,5
48,16,1,5,13,5006,346352,51031210,29
134,12,1,5,13,5053,346352,50651192,5
134,12,1,5,13,5054,346352,50651192,5
134,12,1,5,13,5307,346352,50651192,4
134,12,1,5,13,6264,346352,50651192,1
134,12,1,5,13,6354,346352,50651192,3
134,12,1,5,13,6763,346352,50651192,1
134,12,1,5,13,7738,346352,50651192,1
134,12,1,5,13,7738,346352,50651192,1
134,12,1,5,13,7738,346352,50651192,1
134,12,1,5,13,7739,346352,50651192,1
134,12,1,5,13,7739,346352,50651192,1
134,12,1,5,13,7739,346352,50651192,1
134,12,1,5,13,8004,346352,50651192,9
48,16,1,5,13,8139,346352,51031210,18
134,12,1,5,13,8194,346352,50651192,19
134,12,1,5,13,8195,346352,50651192,19
134,12,1,5,13,8196,346352,50651192,5
100,1,1,5,13,8996,346352,50433506,10
100,1,1,5,13,8997,346352,50433506,10
100,1,1,5,13,8998,346352,50433506,10
100,1,1,5,13,8999,346352,50433506,10
134,12,1,5,13,9469,346352,50651192,1
134,12,1,5,13,9470,346352,50651192,1
134,12,1,5,13,9471,346352,50651192,1
48,16,1,5,13,9605,346352,51031210,12
48,16,1,5,13,9605,346352,51031210,1
48,16,1,5,13,9605,346352,51031210,4
48,16,1,5,13,9606,346352,51031210,12
48,16,1,5,13,9606,346352,51031210,1
48,16,1,5,13,9606,346352,51031210,4
48,28,1,5,13,3984,346352,50433574,2
100,28,1,5,13,4868,346352,50433576,1